3333333333333333333333333333333333333333333333333333333333333333
3000000000000000000000000000000000000000000000000000000000000003
3000000000000000000000000000000000000000000000000000000000000003
3000000000000000000000000000000000000000000000000000000000000003
3000000000000000000000000000000000000000000000000000000000000003
3000000000000000000000000000000000022222220000000000000000000003
3000000000000000000000000000000000000000000000000000000000000003
3000000000000000000222222220000000000000000000000000000000000003
3000000000000000000333333330000000000000000000000000000000000003
3000000000000000000333333330000000000000000020000000000002000003
3000000222111111111333333332222222221111122232222222222222222223
3000000333333333333333333333333333333333333333333333333333333333
3000000000000000000000000000000000000000000000000000000000000003
3000000000000000000000000000000000000000000000000000000000000003
3000000000000000000000000000000000000000000000000000000000000003
3000000000000000000000000000000000000000000000000000000000000003
3000000000000000022222222200000000000000000000000000000000000003
3000000000000000000000000000000000000000000000000000000000000003
3222200000000000000000000000000000000000000000000000000000000003
3333300000000000000000000000000000000000000000000000000000000003
3000000000000000000000000000000000000000000000000000000000000003
3000000000200000000000000000000020000000000000200000000000000003
3111111111322222222222222222222232222222222222311112222200000003
3333333333333333333333333333333333333333333333333333333300000003
3000000000000000000000000000000000000000000000000000000300000003
3000000000000000000000000000000000000000000000000000000300000003
3000000000000000000000000000000000000000000000000000000322000003
3000000000000000000000000000000000000000000000000000000000000003
3000000000000000000000000000000000000000000000000000000000000003
3000000000000000000000000000000000000022220000000000000000000003
3000000000000000000000000002000000002233332200000000000000000223
3000000000000000000000000003222222223333333320000000000000000003
3000000000000000000000000003333333333333333332000000000000000003
3000000000000020000000000003333333333333333333200000200000020003
3222222222222231111111111113333333333333333333321111322222231113
3333333333333333333333333333333333333333333333333333333333333333