3333333333333333333333333333333333333333333333333333333333333333
3000000000000000000000000500000000000000000000000000000000000003
3006000000006000000000000000000000000000000000000000000000000003
3000000000000000000000000000000000000000000000000000000000000003
3000000000000000000000000000000000000000000000000000000000000003
3000000000000000000000000000000000000000000000000000000000000003
3000000000000000000000000000000000000000000000002222222220000003
3222222210002222221000222222222100022222100022223000000000000003
3333333333333333333333333333333333333333333333300000000000000003
3000000000000000600000000000000000000000000000000060000000000003
3000000000000000000000000000000000000000000000000000000000000003
3000000000000000000000000000004000000000000000000000000000000003
3000000000000000000000000000000000000000000000000000000000000003
3000000000000000000000000000000000000000000000000000020000000003
3000000000000000222200000000000000000000000000000022232222222223
3000000000000000000000000020000000000000200000000230000000000003
3000000222100010001000100032222222222222310001000300000000000003
3000000333333333333333333333000000000000333333333300000000000003
3000000000000000000000000000000600000000000000000000000000000003
3000000000000000000000000000000000000000000000040000000000000003
3000000000000000000000000000000000000000000000000000000000000003
3000000000040000000000000000000000000000000000000000000000000003
3000000000000000000000000000000000000000000000000000000000000003
3000000000000000000000000000000222200000000002000000002000060003
3000022200000000000000000200000000000000000003222222223000000003
3100033322222222222222222310001000100022222223333333333000000003
3333333333333333333333333333333333333330000000000000000000000003
3000000000000000000000000000000000000000000000600000000000000003
3000000000000000000000000000000000000000000000000000000000022223
3000000000000000000000004000000000000000000000000000040000000003
3000000000000000000000000000000000000000000000000000000000000003
3000000000000000000000000000000000000000000000222220000000000003
3000000000000000000000000000000000000000000002333330000000000003
3000000000020000000020000000000000020000000023333330000000000003
3222222222231000100032222222222222231000100033333332222222222223
3333333333333333333333333333333333333333333333333333333333333333